1 2 1 2 Al O  1.953546 0.554429 
1 3 1 5 Al O  2.030613 0.546801 
1 4 1 8 Al O  1.823972 0.567194 
1 5 1 10 Al O  1.817952 0.567785 
1 6 1 12 Al O  1.876725 0.562007 
2 3 2 5 O  O  3.938585 0.422416 
2 4 2 8 O  O  2.600577 0.533236 
2 5 2 10 O  O  2.722867 0.523078 
2 6 2 12 O  O  2.606898 0.532712 
2 7 2 3 O  H  0.967056 0.508235 
2 8 2 4 O  H  0.961709 0.509572 
2 9 2 6 O  H  4.588864 0.026887 
2 10 2 7 O  H  4.597191 0.026670 
2 11 2 9 O  H  3.112363 0.107901 
2 12 2 11 O  H  3.036076 0.115467 
2 13 2 13 O  H  2.879681 0.132425 
2 14 2 14 O  H  3.506480 0.075405 
3 4 5 8 O  O  2.624990 0.531210 
3 5 5 10 O  O  3.052889 0.495593 
3 6 5 12 O  O  2.760013 0.519988 
3 7 5 3 O  H  4.732917 0.023364 
3 8 5 4 O  H  4.319612 0.034904 
3 9 5 6 O  H  0.991374 0.502157 
3 10 5 7 O  H  0.985529 0.503618 
3 11 5 9 O  H  3.004788 0.118701 
3 12 5 11 O  H  3.498966 0.075931 
3 13 5 13 O  H  4.012471 0.046866 
3 14 5 14 O  H  2.618318 0.165437 
4 5 8 10 O  O  3.193133 0.483911 
4 6 8 12 O  O  3.475015 0.460498 
4 7 8 3 O  H  3.463321 0.078470 
4 8 8 4 O  H  2.395647 0.198508 
4 9 8 6 O  H  3.401299 0.083074 
4 10 8 7 O  H  2.851031 0.135752 
4 11 8 9 O  H  0.959933 0.510015 
4 12 8 11 O  H  3.160809 0.103326 
4 13 8 13 O  H  4.430808 0.031346 
4 14 8 14 O  H  4.033816 0.045921 
5 6 10 12 O  O  2.773773 0.518843 
5 7 10 3 O  H  2.922905 0.127538 
5 8 10 4 O  H  3.415731 0.081981 
5 9 10 6 O  H  3.861429 0.054094 
5 10 10 7 O  H  3.450613 0.079394 
5 11 10 9 O  H  3.209202 0.098927 
5 12 10 11 O  H  0.996189 0.500953 
5 13 10 13 O  H  3.594171 0.069515 
5 14 10 14 O  H  3.024815 0.116622 
6 7 12 3 O  H  3.138860 0.105377 
6 8 12 4 O  H  3.383922 0.084407 
6 9 12 6 O  H  2.946830 0.124899 
6 10 12 7 O  H  3.711012 0.062327 
6 11 12 9 O  H  4.164897 0.040508 
6 12 12 11 O  H  3.664307 0.065113 
6 13 12 13 O  H  1.261652 0.434958 
6 14 12 14 O  H  0.959475 0.510130 
