1 2 1 2 Al O  1.999638 0.549870 
1 3 1 5 Al O  2.015555 0.548293 
1 4 1 8 Al O  1.806597 0.568899 
1 5 1 10 Al O  1.823141 0.567275 
1 6 1 12 Al O  1.869488 0.562719 
2 3 2 5 O  O  3.967431 0.420072 
2 4 2 8 O  O  2.614537 0.532078 
2 5 2 10 O  O  2.741918 0.521494 
2 6 2 12 O  O  2.617375 0.531842 
2 7 2 3 O  H  0.978626 0.505343 
2 8 2 4 O  H  0.983816 0.504046 
2 9 2 6 O  H  4.643468 0.025494 
2 10 2 7 O  H  4.566931 0.027467 
2 11 2 9 O  H  3.203111 0.099471 
2 12 2 11 O  H  3.058912 0.113155 
2 13 2 13 O  H  3.488785 0.076648 
3 4 5 8 O  O  2.602893 0.533044 
3 5 5 10 O  O  3.068973 0.494253 
3 6 5 12 O  O  2.766577 0.519442 
3 7 5 3 O  H  4.754390 0.022879 
3 8 5 4 O  H  4.377919 0.032993 
3 9 5 6 O  H  1.005830 0.498542 
3 10 5 7 O  H  1.001560 0.499610 
3 11 5 9 O  H  3.039353 0.115133 
3 12 5 11 O  H  3.483158 0.077047 
3 13 5 13 O  H  2.511164 0.180766 
4 5 8 10 O  O  3.172718 0.485611 
4 6 8 12 O  O  3.456515 0.462030 
4 7 8 3 O  H  3.502248 0.075701 
4 8 8 4 O  H  2.435086 0.192307 
4 9 8 6 O  H  3.413276 0.082166 
4 10 8 7 O  H  2.740160 0.149293 
4 11 8 9 O  H  1.028146 0.492964 
4 12 8 11 O  H  3.121812 0.106995 
4 13 8 13 O  H  3.917340 0.051303 
5 6 10 12 O  O  2.770765 0.519094 
5 7 10 3 O  H  2.931176 0.126620 
5 8 10 4 O  H  3.419818 0.081674 
5 9 10 6 O  H  3.885924 0.052854 
5 10 10 7 O  H  3.431170 0.080826 
5 11 10 9 O  H  3.252075 0.095171 
5 12 10 11 O  H  0.993042 0.501739 
5 13 10 13 O  H  2.979972 0.121322 
6 7 12 3 O  H  3.112075 0.107929 
6 8 12 4 O  H  3.446036 0.079729 
6 9 12 6 O  H  2.974219 0.121936 
6 10 12 7 O  H  3.716455 0.062009 
6 11 12 9 O  H  4.232463 0.037962 
6 12 12 11 O  H  3.652613 0.065828 
6 13 12 13 O  H  0.949234 0.512689 
