1 2 1 2 Al O  1.968959 0.552905 
1 3 1 5 Al O  2.025446 0.547313 
1 4 1 8 Al O  1.817670 0.567813 
1 5 1 10 Al O  1.820138 0.567570 
1 6 1 12 Al O  1.875471 0.562130 
2 3 2 5 O  O  3.948157 0.421638 
2 4 2 8 O  O  2.605158 0.532856 
2 5 2 10 O  O  2.729080 0.522561 
2 6 2 12 O  O  2.611815 0.532304 
2 7 2 3 O  H  0.964150 0.508962 
2 8 2 4 O  H  0.962601 0.509349 
2 9 2 6 O  H  4.606070 0.026440 
2 10 2 7 O  H  4.593516 0.026765 
2 11 2 9 O  H  3.146574 0.104652 
2 12 2 11 O  H  3.043304 0.114731 
2 13 2 13 O  H  2.862239 0.134442 
2 14 2 14 O  H  3.482663 0.077083 
3 4 5 8 O  O  2.617594 0.531824 
3 5 5 10 O  O  3.058700 0.495108 
3 6 5 12 O  O  2.761752 0.519844 
3 7 5 3 O  H  4.735519 0.023305 
3 8 5 4 O  H  4.334703 0.034400 
3 9 5 6 O  H  0.990112 0.502472 
3 10 5 7 O  H  0.997014 0.500747 
3 11 5 9 O  H  3.019048 0.117217 
3 12 5 11 O  H  3.496896 0.076076 
3 13 5 13 O  H  4.035423 0.045851 
3 14 5 14 O  H  2.578268 0.171041 
4 5 8 10 O  O  3.187125 0.484411 
4 6 8 12 O  O  3.469605 0.460946 
4 7 8 3 O  H  3.471445 0.077884 
4 8 8 4 O  H  2.407220 0.196673 
4 9 8 6 O  H  3.401293 0.083074 
4 10 8 7 O  H  2.819059 0.139547 
4 11 8 9 O  H  0.991312 0.502172 
4 12 8 11 O  H  3.143729 0.104919 
4 13 8 13 O  H  4.422302 0.031606 
4 14 8 14 O  H  3.980431 0.048318 
5 6 10 12 O  O  2.772803 0.518924 
5 7 10 3 O  H  2.925091 0.127295 
5 8 10 4 O  H  3.412641 0.082214 
5 9 10 6 O  H  3.866501 0.053835 
5 10 10 7 O  H  3.448439 0.079553 
5 11 10 9 O  H  3.222180 0.097776 
5 12 10 11 O  H  1.005469 0.498633 
5 13 10 13 O  H  3.612961 0.068309 
5 14 10 14 O  H  2.999994 0.119204 
6 7 12 3 O  H  3.126874 0.106512 
6 8 12 4 O  H  3.399951 0.083176 
6 9 12 6 O  H  2.957554 0.123732 
6 10 12 7 O  H  3.719405 0.061838 
6 11 12 9 O  H  4.192693 0.039442 
6 12 12 11 O  H  3.667602 0.064912 
6 13 12 13 O  H  1.284926 0.429247 
6 14 12 14 O  H  0.935805 0.516043 
