1 2 1 2 Al O  1.991900 0.550636 
1 3 1 5 Al O  2.017964 0.548055 
1 4 1 8 Al O  1.809078 0.568656 
1 5 1 10 Al O  1.822570 0.567332 
1 6 1 12 Al O  1.871502 0.562521 
2 3 2 5 O  O  3.962509 0.420472 
2 4 2 8 O  O  2.612055 0.532284 
2 5 2 10 O  O  2.738595 0.521770 
2 6 2 12 O  O  2.616503 0.531915 
2 7 2 3 O  H  0.973312 0.506672 
2 8 2 4 O  H  0.977449 0.505637 
2 9 2 6 O  H  4.634009 0.025731 
2 10 2 7 O  H  4.576003 0.027225 
2 11 2 9 O  H  3.192249 0.100449 
2 12 2 11 O  H  3.054690 0.113579 
2 13 2 13 O  H  3.480178 0.077260 
3 4 5 8 O  O  2.606515 0.532744 
3 5 5 10 O  O  3.066550 0.494454 
3 6 5 12 O  O  2.765214 0.519555 
3 7 5 3 O  H  4.748582 0.023009 
3 8 5 4 O  H  4.366053 0.033373 
3 9 5 6 O  H  1.000342 0.499914 
3 10 5 7 O  H  1.003134 0.499216 
3 11 5 9 O  H  3.036730 0.115400 
3 12 5 11 O  H  3.487584 0.076733 
3 13 5 13 O  H  2.526150 0.178558 
4 5 8 10 O  O  3.176623 0.485286 
4 6 8 12 O  O  3.460015 0.461740 
4 7 8 3 O  H  3.493423 0.076321 
4 8 8 4 O  H  2.427333 0.193515 
4 9 8 6 O  H  3.409268 0.082469 
4 10 8 7 O  H  2.761680 0.146580 
4 11 8 9 O  H  1.024843 0.493790 
4 12 8 11 O  H  3.125727 0.106621 
4 13 8 13 O  H  3.927216 0.050824 
5 6 10 12 O  O  2.771347 0.519045 
5 7 10 3 O  H  2.929684 0.126786 
5 8 10 4 O  H  3.417414 0.081854 
5 9 10 6 O  H  3.880394 0.053131 
5 10 10 7 O  H  3.437092 0.080388 
5 11 10 9 O  H  3.244758 0.095803 
5 12 10 11 O  H  0.999801 0.500050 
5 13 10 13 O  H  2.981018 0.121210 
6 7 12 3 O  H  3.115112 0.107637 
6 8 12 4 O  H  3.433912 0.080623 
6 9 12 6 O  H  2.970650 0.122319 
6 10 12 7 O  H  3.720069 0.061799 
6 11 12 9 O  H  4.226630 0.038176 
6 12 12 11 O  H  3.658882 0.065444 
6 13 12 13 O  H  0.938210 0.515443 
