1 2 1 2 Al O  2.007374 0.549104 
1 3 1 5 Al O  2.013226 0.548524 
1 4 1 8 Al O  1.804390 0.569116 
1 5 1 10 Al O  1.823573 0.567233 
1 6 1 12 Al O  1.867146 0.562950 
2 3 2 5 O  O  3.972412 0.419668 
2 4 2 8 O  O  2.617136 0.531862 
2 5 2 10 O  O  2.745306 0.521212 
2 6 2 12 O  O  2.618044 0.531787 
2 7 2 3 O  H  0.984018 0.503995 
2 8 2 4 O  H  0.989656 0.502586 
2 9 2 6 O  H  4.652516 0.025271 
2 10 2 7 O  H  4.556777 0.027739 
2 11 2 9 O  H  3.211093 0.098759 
2 12 2 11 O  H  3.063677 0.112678 
2 13 2 13 O  H  3.500153 0.075847 
3 4 5 8 O  O  2.599391 0.533335 
3 5 5 10 O  O  3.071267 0.494061 
3 6 5 12 O  O  2.767929 0.519330 
3 7 5 3 O  H  4.760100 0.022752 
3 8 5 4 O  H  4.389782 0.032616 
3 9 5 6 O  H  1.011525 0.497119 
3 10 5 7 O  H  0.998457 0.500386 
3 11 5 9 O  H  3.039892 0.115078 
3 12 5 11 O  H  3.478640 0.077369 
3 13 5 13 O  H  2.497823 0.182750 
4 5 8 10 O  O  3.168694 0.485946 
4 6 8 12 O  O  3.452976 0.462324 
4 7 8 3 O  H  3.510837 0.075102 
4 8 8 4 O  H  2.443294 0.191036 
4 9 8 6 O  H  3.417328 0.081861 
4 10 8 7 O  H  2.718065 0.152121 
4 11 8 9 O  H  1.026742 0.493315 
4 12 8 11 O  H  3.119090 0.107255 
4 13 8 13 O  H  3.910467 0.051639 
5 6 10 12 O  O  2.770085 0.519150 
5 7 10 3 O  H  2.932342 0.126492 
5 8 10 4 O  H  3.421728 0.081531 
5 9 10 6 O  H  3.891271 0.052587 
5 10 10 7 O  H  3.424564 0.081319 
5 11 10 9 O  H  3.258916 0.094583 
5 12 10 11 O  H  0.984824 0.503794 
5 13 10 13 O  H  2.980866 0.121227 
6 7 12 3 O  H  3.109121 0.108213 
6 8 12 4 O  H  3.457511 0.078891 
6 9 12 6 O  H  2.977170 0.121621 
6 10 12 7 O  H  3.711156 0.062318 
6 11 12 9 O  H  4.234853 0.037875 
6 12 12 11 O  H  3.645499 0.066267 
6 13 12 13 O  H  0.962914 0.509270 
