1 2 1 2 Al O  1.984232 0.551395 
1 3 1 5 Al O  2.020418 0.547812 
1 4 1 8 Al O  1.811773 0.568391 
1 5 1 10 Al O  1.821875 0.567400 
1 6 1 12 Al O  1.873161 0.562358 
2 3 2 5 O  O  3.957681 0.420864 
2 4 2 8 O  O  2.609692 0.532480 
2 5 2 10 O  O  2.735365 0.522039 
2 6 2 12 O  O  2.615328 0.532012 
2 7 2 3 O  H  0.968781 0.507804 
2 8 2 4 O  H  0.971338 0.507165 
2 9 2 6 O  H  4.624503 0.025970 
2 10 2 7 O  H  4.583553 0.027026 
2 11 2 9 O  H  3.178872 0.101664 
2 12 2 11 O  H  3.050793 0.113972 
2 13 2 13 O  H  3.475857 0.077568 
3 4 5 8 O  O  2.610185 0.532439 
3 5 5 10 O  O  3.064035 0.494664 
3 6 5 12 O  O  2.763931 0.519662 
3 7 5 3 O  H  4.743238 0.023130 
3 8 5 4 O  H  4.354690 0.033742 
3 9 5 6 O  H  0.995620 0.501095 
3 10 5 7 O  H  1.002916 0.499271 
3 11 5 9 O  H  3.032210 0.115862 
3 12 5 11 O  H  3.491493 0.076457 
3 13 5 13 O  H  2.542399 0.176187 
4 5 8 10 O  O  3.180331 0.484977 
4 6 8 12 O  O  3.463387 0.461461 
4 7 8 3 O  H  3.485047 0.076913 
4 8 8 4 O  H  2.420140 0.194640 
4 9 8 6 O  H  3.405734 0.082736 
4 10 8 7 O  H  2.782090 0.144045 
4 11 8 9 O  H  1.017133 0.495717 
4 12 8 11 O  H  3.130712 0.106147 
4 13 8 13 O  H  3.940789 0.050174 
5 6 10 12 O  O  2.771860 0.519002 
5 7 10 3 O  H  2.928070 0.126964 
5 8 10 4 O  H  3.415072 0.082031 
5 9 10 6 O  H  3.875118 0.053397 
5 10 10 7 O  H  3.442017 0.080024 
5 11 10 9 O  H  3.237194 0.096460 
5 12 10 11 O  H  1.004354 0.498911 
5 13 10 13 O  H  2.984550 0.120835 
6 7 12 3 O  H  3.118431 0.107318 
6 8 12 4 O  H  3.421832 0.081523 
6 9 12 6 O  H  2.966638 0.122750 
6 10 12 7 O  H  3.721760 0.061701 
6 11 12 9 O  H  4.217671 0.038506 
6 12 12 11 O  H  3.663665 0.065152 
6 13 12 13 O  H  0.931715 0.517065 
