1 2 1 2 Al O  1.976641 0.552146 
1 3 1 5 Al O  2.022899 0.547566 
1 4 1 8 Al O  1.814634 0.568111 
1 5 1 10 Al O  1.821068 0.567479 
1 6 1 12 Al O  1.874467 0.562229 
2 3 2 5 O  O  3.952937 0.421250 
2 4 2 8 O  O  2.607420 0.532668 
2 5 2 10 O  O  2.732221 0.522300 
2 6 2 12 O  O  2.613783 0.532140 
2 7 2 3 O  H  0.965608 0.508597 
2 8 2 4 O  H  0.966211 0.508447 
2 9 2 6 O  H  4.615199 0.026206 
2 10 2 7 O  H  4.589370 0.026874 
2 11 2 9 O  H  3.163514 0.103075 
2 12 2 11 O  H  3.047051 0.114351 
2 13 2 13 O  H  2.853953 0.135409 
2 14 2 14 O  H  3.476657 0.077511 
3 4 5 8 O  O  2.613863 0.532134 
3 5 5 10 O  O  3.061436 0.494881 
3 6 5 12 O  O  2.762780 0.519758 
3 7 5 3 O  H  4.738807 0.023230 
3 8 5 4 O  H  4.344212 0.034085 
3 9 5 6 O  H  0.992117 0.501971 
3 10 5 7 O  H  1.000850 0.499787 
3 11 5 9 O  H  3.026174 0.116482 
3 12 5 11 O  H  3.494620 0.076236 
3 13 5 13 O  H  4.049491 0.045239 
3 14 5 14 O  H  2.559690 0.173691 
4 5 8 10 O  O  3.183813 0.484687 
4 6 8 12 O  O  3.466575 0.461197 
4 7 8 3 O  H  3.477647 0.077440 
4 8 8 4 O  H  2.413499 0.195683 
4 9 8 6 O  H  3.403013 0.082943 
4 10 8 7 O  H  2.801127 0.141714 
4 11 8 9 O  H  1.005698 0.498575 
4 12 8 11 O  H  3.136684 0.105582 
4 13 8 13 O  H  4.419570 0.031689 
4 14 8 14 O  H  3.958433 0.049339 
5 6 10 12 O  O  2.772335 0.518963 
5 7 10 3 O  H  2.926509 0.127137 
5 8 10 4 O  H  3.413331 0.082162 
5 9 10 6 O  H  3.870435 0.053635 
5 10 10 7 O  H  3.445789 0.079747 
5 11 10 9 O  H  3.229626 0.097121 
5 12 10 11 O  H  1.006286 0.498429 
5 13 10 13 O  H  3.624961 0.067549 
5 14 10 14 O  H  2.990842 0.120168 
6 7 12 3 O  H  3.122257 0.106952 
6 8 12 4 O  H  3.410406 0.082383 
6 9 12 6 O  H  2.962292 0.123219 
6 10 12 7 O  H  3.721500 0.061717 
6 11 12 9 O  H  4.206164 0.038934 
6 12 12 11 O  H  3.666599 0.064973 
6 13 12 13 O  H  1.299495 0.425681 
6 14 12 14 O  H  0.930846 0.517282 
