1 2 1 2 Al O  1.961243 0.553668 
1 3 1 5 Al O  2.028026 0.547058 
1 4 1 8 Al O  1.820808 0.567505 
1 5 1 10 Al O  1.819096 0.567673 
1 6 1 12 Al O  1.876205 0.562058 
2 3 2 5 O  O  3.943365 0.422028 
2 4 2 8 O  O  2.602885 0.533045 
2 5 2 10 O  O  2.725958 0.522821 
2 6 2 12 O  O  2.609483 0.532497 
2 7 2 3 O  H  0.964643 0.508838 
2 8 2 4 O  H  0.961022 0.509743 
2 9 2 6 O  H  4.597276 0.026668 
2 10 2 7 O  H  4.596047 0.026700 
2 11 2 9 O  H  3.129117 0.106299 
2 12 2 11 O  H  3.039600 0.115107 
2 13 2 13 O  H  2.870996 0.133426 
2 14 2 14 O  H  3.493093 0.076344 
3 4 5 8 O  O  2.621319 0.531515 
3 5 5 10 O  O  3.055847 0.495346 
3 6 5 12 O  O  2.760841 0.519919 
3 7 5 3 O  H  4.733563 0.023349 
3 8 5 4 O  H  4.326457 0.034675 
3 9 5 6 O  H  0.989846 0.502539 
3 10 5 7 O  H  0.991739 0.502065 
3 11 5 9 O  H  3.011614 0.117989 
3 12 5 11 O  H  3.498303 0.075977 
3 13 5 13 O  H  4.023116 0.046392 
3 14 5 14 O  H  2.597898 0.168276 
4 5 8 10 O  O  3.190236 0.484152 
4 6 8 12 O  O  3.472427 0.460712 
4 7 8 3 O  H  3.466674 0.078228 
4 8 8 4 O  H  2.401285 0.197612 
4 9 8 6 O  H  3.400723 0.083118 
4 10 8 7 O  H  2.835707 0.137560 
4 11 8 9 O  H  0.975457 0.506135 
4 12 8 11 O  H  3.151782 0.104165 
4 13 8 13 O  H  4.426226 0.031486 
4 14 8 14 O  H  4.005982 0.047156 
5 6 10 12 O  O  2.773279 0.518884 
5 7 10 3 O  H  2.923890 0.127428 
5 8 10 4 O  H  3.413381 0.082158 
5 9 10 6 O  H  3.863490 0.053988 
5 10 10 7 O  H  3.449999 0.079439 
5 11 10 9 O  H  3.215245 0.098390 
5 12 10 11 O  H  1.001985 0.499504 
5 13 10 13 O  H  3.602730 0.068963 
5 14 10 14 O  H  3.011569 0.117994 
6 7 12 3 O  H  3.132401 0.105987 
6 8 12 4 O  H  3.391010 0.083861 
6 9 12 6 O  H  2.952423 0.124289 
6 10 12 7 O  H  3.715760 0.062050 
6 11 12 9 O  H  4.178462 0.039984 
6 12 12 11 O  H  3.666737 0.064965 
6 13 12 13 O  H  1.272331 0.432335 
6 14 12 14 O  H  0.945862 0.513531 
