1 2 1 2 Al O  2.015226 0.548326 
1 3 1 5 Al O  2.010948 0.548750 
1 4 1 8 Al O  1.802447 0.569306 
1 5 1 10 Al O  1.823861 0.567205 
1 6 1 12 Al O  1.864452 0.563215 
2 3 2 5 O  O  3.977536 0.419252 
2 4 2 8 O  O  2.619904 0.531632 
2 5 2 10 O  O  2.748816 0.520920 
2 6 2 12 O  O  2.618644 0.531737 
2 7 2 3 O  H  0.988933 0.502767 
2 8 2 4 O  H  0.994433 0.501392 
2 9 2 6 O  H  4.661027 0.025062 
2 10 2 7 O  H  4.545837 0.028036 
2 11 2 9 O  H  3.216307 0.098296 
2 12 2 11 O  H  3.069389 0.112108 
2 13 2 13 O  H  3.512776 0.074967 
3 4 5 8 O  O  2.595984 0.533617 
3 5 5 10 O  O  3.073452 0.493879 
3 6 5 12 O  O  2.769196 0.519224 
3 7 5 3 O  H  4.765305 0.022636 
3 8 5 4 O  H  4.401462 0.032250 
3 9 5 6 O  H  1.017013 0.495747 
3 10 5 7 O  H  0.994185 0.501454 
3 11 5 9 O  H  3.038395 0.115230 
3 12 5 11 O  H  3.474430 0.077670 
3 13 5 13 O  H  2.486156 0.184499 
4 5 8 10 O  O  3.164528 0.486293 
4 6 8 12 O  O  3.449388 0.462621 
4 7 8 3 O  H  3.518739 0.074555 
4 8 8 4 O  H  2.452021 0.189691 
4 9 8 6 O  H  3.421090 0.081579 
4 10 8 7 O  H  2.695433 0.155063 
4 11 8 9 O  H  1.020716 0.494821 
4 12 8 11 O  H  3.117607 0.107397 
4 13 8 13 O  H  3.905529 0.051881 
5 6 10 12 O  O  2.769254 0.519219 
5 7 10 3 O  H  2.933011 0.126418 
5 8 10 4 O  H  3.422720 0.081457 
5 9 10 6 O  H  3.896141 0.052345 
5 10 10 7 O  H  3.417503 0.081848 
5 11 10 9 O  H  3.265320 0.094036 
5 12 10 11 O  H  0.975903 0.506024 
5 13 10 13 O  H  2.983018 0.120997 
6 7 12 3 O  H  3.105994 0.108516 
6 8 12 4 O  H  3.468028 0.078130 
6 9 12 6 O  H  2.979394 0.121383 
6 10 12 7 O  H  3.704439 0.062712 
6 11 12 9 O  H  4.233861 0.037911 
6 12 12 11 O  H  3.638178 0.066721 
6 13 12 13 O  H  0.977453 0.505637 
